CNN:0.9946597919160299
SVM:0.8144738053586226
